# Created by Octave 5.2.0, Sun May 03 11:47:08 2020 IST <lminxous@Lminxous>
# name: v
# type: matrix
# rows: 1
# columns: 4
 0.19661193324148185 0.23500371220159449 0.25 0.23500371220159449


